parameters 0, 1, 2, 3, 4, chi-squared, NDF, derivative at 1 
h_mT2prime_W_UC_1_f1: 	[ 9.081700e+01  1.430028e+03  1.568400e+01 -4.000000e-03 -1.100000e-02
  3.000200e+01  2.500000e+01  0.000000e+00]
h_mT2prime_W_UC_1_f2: 	[ 2.62302e+02 -5.72991e+02  9.82000e-01  1.00000e-02  1.00000e-02
  3.02000e+01  2.50000e+01  0.00000e+00]
h_mT2prime_W_UC_2_f1: 	[ 1.11045e+02  4.91424e+02  4.39900e+00 -1.00000e-03 -9.00000e-03
  3.31520e+01  2.50000e+01 -0.00000e+00]
h_mT2prime_W_UC_2_f2: 	[ 1.59981e+02  1.67033e+02  9.74000e-01 -7.00000e-03 -8.00000e-03
  3.40660e+01  2.50000e+01 -0.00000e+00]
h_mT2prime_W_UC_3_f1: 	[ 1.11178e+02  4.65494e+02  4.14100e+00 -1.00000e-03 -9.00000e-03
  3.98700e+01  2.50000e+01 -0.00000e+00]
h_mT2prime_W_UC_3_f2: 	[ 2.32295e+02  5.82084e+02  9.80000e-01 -8.00000e-03 -8.00000e-03
  3.98270e+01  2.50000e+01 -0.00000e+00]
h_mT2prime_W_UC_4_f1: 	[ 1.16710e+02  4.68135e+02  4.00600e+00 -2.00000e-03 -9.00000e-03
  2.56030e+01  2.50000e+01 -0.00000e+00]
h_mT2prime_W_UC_4_f2: 	[ 4.287880e+02  4.511423e+03  9.940000e-01 -1.600000e-02 -1.600000e-02
  2.553100e+01  2.500000e+01 -0.000000e+00]
h_mT2prime_W_UC_5_f1: 	[ 1.20996e+02  4.22934e+02  3.51100e+00 -2.00000e-03 -8.00000e-03
  3.44460e+01  2.50000e+01 -0.00000e+00]
h_mT2prime_W_UC_5_f2: 	[ 7.06190e+02  1.63411e+02  9.71000e-01 -8.00000e-03 -8.00000e-03
  3.60770e+01  2.50000e+01 -0.00000e+00]
h_mT2prime_W_UC_6_f1: 	[ 1.23109e+02  3.71479e+02  3.02800e+00 -1.00000e-03 -8.00000e-03
  2.92020e+01  2.50000e+01 -0.00000e+00]
h_mT2prime_W_UC_6_f2: 	[ 1.751480e+02  2.924909e+03  1.012000e+00 -6.000000e-03 -7.000000e-03
  2.969400e+01  2.500000e+01 -0.000000e+00]
h_mT2prime_W_UC_7_f1: 	[ 4.86480e+01  2.27105e+02  4.29100e+00  3.00000e-03 -2.00000e-02
  3.46570e+01  2.50000e+01 -3.00000e-03]
h_mT2prime_W_UC_7_f2: 	[ 1.823100e+02  2.985842e+03  1.013000e+00 -6.000000e-03 -7.000000e-03
  3.258500e+01  2.500000e+01 -0.000000e+00]
h_mT2prime_W_UC_8_f1: 	[ 4.94280e+01  2.19766e+02  4.04200e+00  3.00000e-03 -2.00000e-02
  4.28700e+01  2.50000e+01 -3.00000e-03]
h_mT2prime_W_UC_8_f2: 	[ 1.736580e+02  2.585704e+03  1.006000e+00 -6.000000e-03 -7.000000e-03
  4.127500e+01  2.500000e+01 -0.000000e+00]
h_mT2prime_W_UC_9_f1: 	[ 4.83670e+01  2.22963e+02  4.18200e+00  3.00000e-03 -2.00000e-02
  3.99600e+01  2.50000e+01 -3.00000e-03]
h_mT2prime_W_UC_9_f2: 	[ 1.820590e+02  2.871876e+03  1.007000e+00 -6.000000e-03 -6.000000e-03
  3.689300e+01  2.500000e+01 -0.000000e+00]
h_mT2prime_W_UC_10_f1: 	[ 4.69600e+01  2.28616e+02  4.34100e+00  4.00000e-03 -2.10000e-02
  4.11720e+01  2.50000e+01 -3.00000e-03]
h_mT2prime_W_UC_10_f2: 	[ 1.840980e+02  2.981248e+03  1.001000e+00 -5.000000e-03 -6.000000e-03
  3.739700e+01  2.500000e+01 -1.000000e-03]
h_mT2prime_W_UC_11_f1: 	[ 4.76530e+01  2.09524e+02  3.83700e+00  4.00000e-03 -2.00000e-02
  3.05230e+01  2.50000e+01 -4.00000e-03]
h_mT2prime_W_UC_11_f2: 	[ 1.744590e+02  2.383054e+03  9.920000e-01 -5.000000e-03 -6.000000e-03
  2.708200e+01  2.500000e+01 -1.000000e-03]
h_mT2prime_W_UC_12_f1: 	[ 4.42420e+01  1.90983e+02  3.65800e+00  5.00000e-03 -2.20000e-02
  5.11860e+01  2.50000e+01 -5.00000e-03]
h_mT2prime_W_UC_12_f2: 	[ 1.777950e+02  2.348529e+03  9.900000e-01 -5.000000e-03 -6.000000e-03
  4.588200e+01  2.500000e+01 -1.000000e-03]
h_mT2prime_W_UC_13_f1: 	[ 4.48260e+01  1.71999e+02  3.19600e+00  5.00000e-03 -2.20000e-02
  5.06030e+01  2.50000e+01 -5.00000e-03]
h_mT2prime_W_UC_13_f2: 	[ 1.674170e+02  1.951508e+03  9.900000e-01 -6.000000e-03 -7.000000e-03
  4.562300e+01  2.500000e+01 -1.000000e-03]
h_mT2prime_W_UC_14_f1: 	[ 5.44810e+01  2.43695e+02  3.99700e+00  3.00000e-03 -1.80000e-02
  4.97830e+01  2.50000e+01 -3.00000e-03]
h_mT2prime_W_UC_14_f2: 	[ 1.76247e+02  2.14402e+03  9.84000e-01 -5.00000e-03 -6.00000e-03
  4.65340e+01  2.50000e+01 -1.00000e-03]
h_mT2prime_W_UC_15_f1: 	[ 4.35960e+01  1.71509e+02  3.14300e+00  6.00000e-03 -2.20000e-02
  3.98370e+01  2.50000e+01 -6.00000e-03]
h_mT2prime_W_UC_15_f2: 	[ 1.762810e+02  2.185146e+03  9.780000e-01 -5.000000e-03 -6.000000e-03
  3.178500e+01  2.500000e+01 -1.000000e-03]
h_mT2prime_W_UC_16_f1: 	[ 4.29980e+01  1.65054e+02  2.99100e+00  7.00000e-03 -2.20000e-02
  3.77910e+01  2.50000e+01 -7.00000e-03]
h_mT2prime_W_UC_16_f2: 	[ 1.846600e+02  2.534132e+03  9.760000e-01 -4.000000e-03 -5.000000e-03
  2.721400e+01  2.500000e+01 -1.000000e-03]
h_mT2prime_W_UC_17_f1: 	[ 4.17320e+01  1.58186e+02  2.87900e+00  7.00000e-03 -2.30000e-02
  3.78310e+01  2.50000e+01 -7.00000e-03]
h_mT2prime_W_UC_17_f2: 	[ 1.782190e+02  2.587556e+03  9.770000e-01 -4.000000e-03 -5.000000e-03
  2.771200e+01  2.500000e+01 -1.000000e-03]
h_mT2prime_W_UC_18_f1: 	[ 4.1106e+01  1.5978e+02  2.9180e+00  7.0000e-03 -2.3000e-02  3.9584e+01
  2.5000e+01 -8.0000e-03]
h_mT2prime_W_UC_18_f2: 	[ 1.822380e+02  2.592971e+03  9.710000e-01 -4.000000e-03 -5.000000e-03
  2.685400e+01  2.500000e+01 -1.000000e-03]
h_mT2prime_W_UC_19_f1: 	[ 4.16500e+01  1.54241e+02  2.75700e+00  7.00000e-03 -2.30000e-02
  3.12920e+01  2.50000e+01 -8.00000e-03]
h_mT2prime_W_UC_19_f2: 	[ 1.695570e+02  2.473463e+03  9.750000e-01 -5.000000e-03 -6.000000e-03
  2.154600e+01  2.500000e+01 -1.000000e-03]
